100 	6.000000 	11.500000 
200 	9.080000 	18.600000 
300 	14.280000 	28.559999 
400 	20.100000 	38.660000 
500 	25.980000 	49.200001 
600 	33.020000 	59.259998 
700 	40.340000 	70.139999 
800 	48.220001 	81.660004 
900 	56.939999 	92.220001 
1000 	66.040001 	103.500000 
1100 	75.739998 	114.680000 
1200 	85.419998 	127.120003 
1300 	96.000000 	138.419998 
1400 	107.339996 	150.380005 
1500 	118.660004 	161.899994 
1600 	132.220001 	174.460007 
1700 	145.539993 	186.399994 
1800 	158.279999 	198.139999 
1900 	172.080002 	210.940002 
2000 	187.240005 	222.660004 
| Hashtable implementation: correct                                       |
| Red black tree implementation: correct                                  |
+-------------------------------------------------------------------------+
